//Created by Leon Greiner based on a snippet of the bars 7&9 from Golden Hour (https://musescore.com/user/2423821/scores/9131148)
 0   0.00000 0.15957 E5    49 80 0 1
 1   0.00000 0.31915 E2    49 80 1 -5
 2   0.15957 0.31915 E5    49 80 0 2
 3   0.31915 0.63830 E2    49 80 1 -3
 4   0.31915 0.47872 E5    49 80 0 3
 5   0.47872 0.79807 E2    49 80 1 -1
 6   0.47872 0.63830 E5    49 80 0 4
 7   0.63830 0.95745 E2    49 80 1 -5
 8   0.63830 0.79787 E5    49 80 0 1
 9   0.79787 1.11702 E2    49 80 1 -3
10   0.79787 0.95745 E5    49 80 0 2
11   0.95745 1.27660 E2    49 80 1 -1
12   0.95745 1.11702 E5    49 80 0 3
13   1.11702 1.43617 E2    49 80 1 -5
14   1.11702 1.27660 E5    49 80 0 4
15   1.27660 1.59575 E2    49 80 1 -3
16   1.27660 1.43617 E5    49 80 0 1
17   1.43617 1.75532 E5    49 80 0 2
18   1.59575 1.91490 E2    49 80 1 -1
19   1.59575 1.75532 E5    49 80 0 3
20   1.75532 2.07447 E5    49 80 0 4
21   1.91500 2.23415 E2    49 80 1 -5
22   1.91490 2.07447 E5    49 80 0 1
23   2.07447 2.55320 E5    49 80 0 2
