// Created by Leon Greiner
0   0.00000 0.50000 G4    49 80 1 -4
1   0.50000 1.00000 G4    49 80 1 -4
2   1.00000 1.50000 A4    49 80 1 -3
3   1.50000 2.00000 G4    49 80 1 -4
4   2.00000 2.50000 C5    49 80 1 -1
5   2.50000 3.00000 B4    49 80 1 -2

6   3.00000 3.50000 G4    49 80 1 -4
7   3.50000 4.00000 G4    49 80 1 -4
8   4.00000 4.50000 A4    49 80 1 -3
9   4.50000 5.00000 G4    49 80 1 -4
10  5.00000 5.50000 D5    49 80 0  2
11  5.50000 6.00000 C5    49 80 0  1

12  6.00000 6.50000 G4    49 80 1 -4
13  6.50000 7.00000 G4    49 80 1 -4
14  7.00000 7.50000 G4    49 80 0  5
15  7.50000 8.00000 E5    49 80 0  3
16  8.00000 8.50000 C5    49 80 0  1
17  8.50000 9.00000 B4    49 80 1 -2
18  9.00000 9.50000 A4    49 80 1 -3

19  9.50000 10.00000 F5   49 80 0  4
20 10.00000 10.50000 F5   49 80 0  4
21 10.50000 11.00000 E5   49 80 0  3
22 11.00000 11.50000 C5   49 80 0  1
23 11.50000 12.00000 D5   49 80 0  2
24 12.00000 12.50000 C5   49 80 0  1
